3 3 2
0 0
10 0
0 10
20 20
20 0
0 20
5 5
15 15

3 3 1
0 0
10 0
0 10
20 20
20 0
0 20
40 40

2 2 2
0 1
1 0
2 0
0 2
0 1
0 2

3 3 3
1 1
1 1
1 1
2 2
2 2
2 2
1 1
2 2
3 3

3 3 5
0 0
4 4
1 1
0 0
-5 -5
-1 -1
0 0
4 4
5 5
-3 -3
-6 -6

0 3 5
9 -1
9 9
3 -4
-8 -10
-5 -6
2 6
-8 -1
2 -4

0 3 0
-6 -5
2 -9
8 6

3 2 4
1 8
-5 -3
-7 -3
3 -7
-9 7
-10 3
-2 -5
2 0
6 -1

12 15 195
237 -290
479 -317
-23 156
-421 -462
209 16
319 478
343 -255
295 305
-474 423
360 60
156 -344
-400 50
195 -114
-174 463
-436 198
409 -207
-24 301
-44 77
116 453
-341 -275
-298 -176
-241 478
-27 -456
158 -447
-197 -311
-155 17
257 459
-155 -55
-403 -49
339 -139
154 352
152 -63
-486 320
-38 298
-477 130
144 121
-211 -275
461 403
147 262
451 -192
325 450
409 486
-379 -229
222 444
495 409
261 60
498 148
-343 -88
401 -489
-169 119
431 424
339 165
67 410
171 -11
297 404
354 -189
-204 -189
82 -48
-415 -83
-484 494
54 -421
227 277
379 -259
443 74
383 279
-108 -227
438 3
-88 422
-90 -306
-402 -418
-107 398
-292 142
284 -120
-13 -19
-26 369
448 3
-221 218
459 -136
128 -342
127 401
364 10
-487 -481
131 -9
-124 -75
-302 -460
128 -336
306 -219
161 27
-493 89
-353 339
-159 -329
390 285
-352 -189
-341 38
-371 276
476 286
-5 493
-326 489
-86 -375
357 50
214 -198
83 -16
-490 -291
298 -256
-418 208
380 135
-81 -387
-76 -41
497 -243
-468 -227
250 316
-1 -493
187 435
-440 173
413 291
-408 107
281 126
335 175
109 292
-311 -178
457 191
-5 -432
-283 -435
-178 109
383 405
220 -456
242 -178
-244 -282
81 -72
-282 -494
113 -7
-382 -500
176 -106
376 143
155 -216
166 -436
324 -199
-134 -340
269 -460
135 188
232 -159
163 -145
-237 -336
92 420
426 35
-473 1
1 -271
-187 337
-331 -324
-349 -312
443 325
-375 317
167 266
-3 -8
370 -375
-33 322
-324 -208
-44 320
-71 -370
165 -453
-262 -455
-226 192
-282 240
106 -223
-35 -112
-288 257
-237 -403
54 -473
19 430
-445 -450
372 -421
-129 -288
222 239
59 327
64 -349
387 -277
105 -7
-268 351
-373 14
402 338
-215 -218
-121 304
331 48
-332 433
173 -460
-381 414
-375 -265
474 -10
-494 37
-122 32
-55 -240
253 -236
-386 240
-247 175
13 432
-287 -346
148 298
-465 93
25 -21
-291 -297
-384 -302
-67 -172
8 432
-31 -404
-182 -296
-36 37
302 -47
-308 408
82 106
38 -54
-210 285
-228 -59
-467 439
-393 -192
-299 -251
-53 -184
144 -492
440 70
166 342
-455 -402
136 174
-374 -301

13 6 144
-121 -77
151 264
245 -337
-64 -408
316 183
290 -66
-175 -436
11 296
-61 -167
-227 271
-374 -220
-485 -439
-113 300
426 -286
-489 -296
-182 435
-112 -110
53 469
251 -368
5 179
303 67
131 485
280 -372
-349 -358
103 -282
-312 -386
-324 230
29 394
-392 -247
-352 -355
270 -381
9 -34
-66 -343
481 252
-379 -315
252 -15
-30 114
-68 -118
-286 -251
-342 84
198 8
-263 -464
431 374
318 266
101 229
38 466
-69 -130
-282 237
-12 55
-70 -302
-127 -201
414 -319
-246 343
283 -465
119 -342
166 131
167 -183
381 403
-141 -213
206 198
-147 150
-480 -257
480 -26
-471 -262
-374 -342
-353 -41
-169 -1
-468 251
287 -225
-377 315
-55 -95
222 290
-118 302
-411 -207
181 -69
272 -15
229 -466
8 292
220 -102
56 -273
187 36
-466 -106
-356 208
483 -434
71 431
-164 -395
85 -485
8 248
-460 158
279 97
-419 -88
-54 50
-469 0
399 144
372 -59
477 -356
38 -252
456 202
268 183
-197 128
-77 -471
235 -171
-423 199
-454 -258
339 308
410 325
-435 111
301 -145
500 -404
38 -111
34 61
309 -296
406 262
-366 264
-419 -136
-107 -62
267 4
393 -373
-130 34
-468 439
264 399
-301 442
488 19
115 -500
-421 487
-263 343
-453 113
-435 -455
-1 453
-494 -301
137 80
274 -101
27 -406
128 167
-205 87
-15 -150
-208 249
-233 185
-125 -221
456 73
-85 -46
258 -308
428 -348
296 323
-479 -74
196 302
392 -151
-57 -31
326 -82
195 261
-389 -379
370 -321
54 -407
-438 -363
210 119
-427 208
400 315
158 21
-467 17
443 -47
445 -446
-407 138
297 336

146 195 24
138 488
-402 -66
-197 318
-439 382
444 -370
30 181
-56 151
-260 -465
193 155
188 257
-111 -355
280 242
26 -474
13 116
59 -439
239 326
-241 -303
205 27
-92 -247
-427 -44
-364 -149
192 104
139 -230
425 432
-122 -169
-334 112
-456 267
-17 446
-249 70
-179 187
12 311
198 -440
87 -38
-95 -408
48 186
227 -22
272 -125
145 -81
-460 -90
-69 -240
62 -391
376 -213
-267 106
366 -451
236 -16
485 -313
438 438
-101 182
-36 24
400 304
473 -488
-423 127
-455 244
-346 -88
172 276
385 -225
63 -266
30 -49
0 -14
160 -104
83 426
363 145
-484 20
234 453
256 -19
-317 134
451 -82
-338 -240
172 496
271 -494
-219 -156
-232 -154
297 34
-481 298
-307 -204
-279 180
-486 -34
176 274
226 -470
-299 -400
-76 -328
90 -116
144 -126
-441 252
-52 -184
-150 20
366 230
454 118
-395 162
148 164
-157 490
-355 59
-167 -453
268 322
112 249
421 470
-147 -465
-401 -299
453 498
-497 -342
178 -409
321 -147
161 44
396 -36
-373 266
-55 44
-398 -340
-293 91
-88 -65
-316 476
135 -477
249 295
496 488
175 348
-495 139
230 -132
221 183
417 -260
204 -119
338 313
-144 332
492 -218
373 -42
84 390
55 475
188 -42
-248 -311
367 -64
-217 -252
387 42
100 479
-148 116
356 -179
-108 459
271 -251
-420 420
393 317
466 263
152 265
-70 49
-494 -294
-415 -383
-256 -242
-304 452
-317 -283
-304 -418
-112 284
295 -262
-304 -257
-7 377
297 158
-26 -237
216 189
-357 -61
178 -133
-237 -237
-429 -126
-177 -462
491 -185
32 19
102 364
-163 -82
-154 490
424 -369
199 43
391 -394
-441 -5
374 -136
-6 276
333 207
161 362
-264 287
325 232
-454 59
268 5
-131 -232
-123 -441
-451 -104
28 -87
456 163
-41 -274
-89 346
401 -292
484 475
-129 -416
446 7
-207 -469
-47 372
-380 -383
-187 -311
-352 389
448 182
268 25
438 187
-151 -205
-289 84
-381 -2
207 -188
477 210
294 -120
387 -462
260 -70
-199 -321
488 -287
-98 -78
-190 -200
172 50
265 -243
135 -61
-75 -107
167 484
-328 -174
139 -24
377 69
449 -195
-467 170
290 336
205 294
197 -409
-297 192
182 289
-471 -297
-40 -147
-17 -16
377 -406
269 408
-267 -267
-100 131
-301 62
58 -224
136 338
173 91
-426 -74
-293 -432
-50 271
60 -90
113 -368
-325 89
-428 263
48 158
-245 140
63 -494
-173 -321
241 463
-262 26
-137 489
-230 65
491 227
-15 -156
-385 388
488 435
-434 -135
144 -210
243 433
90 -94
236 481
487 36
215 -201
-239 -187
29 -355
-366 -310
-55 83
500 -96
248 -65
-488 -16
-82 53
108 500
480 -325
-393 -249
158 222
203 -113
423 -107
-118 189
193 -173
-27 -166
24 412
-316 -203
201 469
-407 -317
-143 -362
-118 296
-15 276
141 490
-259 -36
-315 -62
325 89
172 388
-233 -62
265 -446
-112 150
61 428
-276 102
-240 -64
119 115
-56 -457
339 477
-58 326
5 -177
287 -418
20 -64
-476 472
50 -466
-338 197
-59 317
-344 118
45 329
-70 -93
343 -40
-426 190
233 -348
-372 18
-467 -239
84 -240
-468 39
475 -440
-469 -258
-224 190
-114 -229
278 -371
247 327
-155 434
-159 -209
251 275
-346 -317
-165 16
-467 387
-353 -347
-87 258
-204 -79
-19 -55
187 461
150 -298
-26 154
283 226
-258 -249
-315 29
10 87
-449 -284
-101 452
-33 -295
282 -75
78 -310
138 119
-461 182
317 434
85 -290
-87 -306
348 -266
461 77
328 -180
39 -298
290 203
419 239
190 31
237 -492
-67 347
228 18
-363 -490
-118 -135
490 367
-423 -301
-107 74
-2 -10
257 431
-250 -42

200 200 200
-149 84
478 -21
-283 331
-139 86
94 98
-56 -403
-194 217
228 362
-273 -57
500 300
499 407
-20 -424
-244 -109
-179 478
-374 -488
-213 -239
240 -23
-193 -236
40 458
55 168
-44 -366
41 189
51 262
395 459
259 278
-126 394
161 257
-352 354
21 417
430 -341
-79 -163
314 -284
-330 -340
308 311
-331 210
34 -138
-449 125
-424 -425
-467 102
-431 471
54 292
-261 -57
487 -286
-369 -423
-264 -303
35 251
467 -153
8 -462
40 327
-274 -185
-132 209
-477 261
26 -81
211 -401
260 -251
232 -30
103 -187
-282 471
-453 -221
-334 -151
290 474
-179 201
-70 -54
-228 19
24 470
-132 -2
449 392
-500 -109
-10 -336
-86 211
371 440
443 -355
306 -27
-58 -340
-301 43
16 109
500 489
-66 27
-455 -71
-412 206
395 70
-39 -44
347 343
198 -348
363 -474
156 -389
447 -76
87 99
259 -58
485 -471
138 459
137 -310
218 137
257 -429
-33 -47
-478 35
492 -139
395 -326
-174 28
-255 92
-107 379
493 401
-1 -471
-29 80
109 449
407 -355
-165 437
-237 43
-196 243
-304 210
-255 272
323 409
273 427
-356 217
499 289
-142 -111
481 -419
-390 -150
430 -21
-73 -229
-84 -272
355 -477
-243 -58
375 -382
18 61
-478 261
170 263
-121 346
-248 -368
422 24
103 -249
-168 470
-181 83
253 -367
-96 440
-333 370
394 11
453 213
331 341
-409 327
88 -152
302 -386
460 448
270 371
-106 -289
-348 -119
-150 188
-230 -325
499 -140
-201 213
83 -98
103 -344
369 -334
-494 55
-428 -111
-72 -403
-289 -150
488 420
290 361
263 -53
329 375
62 105
-30 369
-272 22
-265 -32
371 27
-126 318
174 -27
219 -258
-178 180
-33 -19
21 250
169 -131
-271 8
455 -42
-168 182
478 -27
-158 84
-394 -53
416 70
288 -469
39 -24
139 -339
-407 -288
392 -453
28 -85
-336 -142
227 -452
-254 23
482 147
-482 392
-136 -497
88 496
-367 206
467 -116
-395 -452
-286 -56
-205 144
356 353
91 -112
-6 -63
-15 -382
358 -152
372 403
-261 294
185 43
46 448
444 -451
-55 324
398 267
315 -399
45 -498
-164 219
-239 340
419 -309
-182 352
161 -88
-50 -6
-414 -292
-499 -179
54 -175
-228 187
-74 291
-196 406
172 61
163 -298
395 -324
395 -293
-453 -269
-388 -344
198 466
-433 -379
115 -142
66 17
29 201
216 -242
445 -418
63 488
394 -440
121 368
260 -245
-68 474
-319 154
75 -484
-328 419
74 188
309 61
419 -169
348 -387
314 -325
-67 -434
340 -281
-294 -433
-373 -98
-231 290
236 -62
-88 -472
-127 -333
-317 -217
-299 448
135 -454
107 -35
296 -367
-254 -285
-110 -167
-100 250
469 323
390 -261
141 366
-155 207
336 101
-181 -420
438 -253
-280 192
140 312
358 -389
76 465
289 -346
-441 -439
-106 225
-335 -50
463 294
223 324
189 353
-251 -446
-155 225
305 -416
-479 164
-454 243
-256 -259
-148 -124
-160 292
446 118
179 319
44 195
-356 -427
57 209
32 -393
150 471
-476 412
136 89
174 -131
223 -370
373 195
127 269
-356 307
98 479
-213 -325
494 -267
429 466
229 37
436 -428
370 477
447 -32
-121 -291
299 161
220 205
335 -338
47 -58
402 -102
-296 -327
343 236
411 303
-465 -371
-406 95
322 154
227 14
-10 258
416 -214
-4 -374
287 485
189 485
-354 -304
-172 23
111 193
367 -271
466 316
-192 -101
28 66
351 -467
188 -188
326 173
-380 -396
-110 -185
-369 -465
210 76
60 418
-387 -102
111 -104
-411 -58
-139 -278
228 146
-456 -484
-227 -465
259 -238
74 -377
-14 -54
50 -100
-95 106
141 131
-294 37
-356 -150
-62 -43
353 449
-420 240
152 132
468 -59
-352 -121
-396 202
464 -79
44 363
500 38
128 -470
-174 49
-321 223
-241 468
-493 -114
33 -406
-458 -364
376 -115
-483 313
-247 27
96 175
-123 -99
12 -110
-248 -160
378 -444
277 -249
-9 -305
419 -398
260 170
246 368
462 -42
94 -222
-146 194
6 -341
186 -439
236 -50
41 472
-139 -388
-47 -447
300 -197
-255 -480
-284 76
-132 236
-405 -366
-499 -372
-224 342
310 154
-463 370
-472 -337
-276 44
494 -96
-435 151
263 34
-223 -74
229 406
117 -424
152 164
-101 333
157 -480
339 -5
-474 -152
192 -386
174 336
190 230
-227 -108
296 104
-246 457
-320 51
477 -483
113 -42
34 -105
-441 -271
252 377
87 -352
-167 -402
-363 -385
-271 -141
386 329
58 93
485 -235
369 21
-333 -30
-480 -377
331 -152
-4 187
272 -57
-137 220
-214 21
170 -386
404 373
488 193
-448 -460
369 407
-311 128
393 -383
138 -327
-167 261
74 306
344 -147
230 -96
38 -471
-61 2
213 401
205 226
-212 -118
266 108
-162 467
373 8
-365 -293
-176 253
426 218
-332 152
-353 450
493 243
337 491
210 223
415 -436
155 -351
375 127
200 -140
158 -338
-372 -35
473 497
394 192
-56 -393
15 408
59 -441
-492 183
-385 207
197 -499
-86 453
-484 -403
-254 -172
455 172
222 311
473 154
-382 -431
256 292
-17 -410
388 -161
-254 117
-134 -408
276 306
12 -125
-434 391
33 399
496 -330
-2 -260
102 432
242 -358
297 -487
-418 215
-304 105
-114 29
368 179
486 464
-444 305
110 -149
-84 332
-88 312
210 -328
-158 446
376 -104
-173 340
173 -23
-10 260
-26 -31
264 -238
291 170
-462 340
304 -151
-347 214
-436 360
-119 -47
-236 -329
-157 -17
-382 164
250 186
-285 494
-30 268
27 388
-454 460
-278 191
-450 1
-160 203
242 279
-8 -357
193 85
-463 56
-83 264
438 492
-154 261
-364 -445
240 -405
363 -459
120 -291
360 -111
270 -144
357 272
-336 320
98 -303
-470 407
-9 -411
-164 -86
-323 -281
-290 253
13 -386
361 -254
-158 -161
-119 100
-1 395
-216 191
-454 -142
320 -447
64 404
291 485
391 -339
-249 11
425 -429
481 -223
-471 -398
407 382
-373 -267
72 267
-444 -31
-136 143
-167 56
414 -162
-419 -120
474 -76
-92 145
-3 -46
465 489
250 248
215 390
182 231
112 244
477 -222

200 200 200
-455 -71
399 -261
72 292
-153 453
481 406
476 452
-125 252
-103 139
-408 283
271 394
-169 247
136 -290
441 236
-21 -493
-214 -258
172 -354
-425 -479
313 -240
-288 147
52 -340
-389 383
134 -283
356 -14
459 221
-196 138
-115 -81
129 135
-130 211
-91 70
312 40
-124 195
-94 -327
-67 -49
-403 -282
-432 -165
-283 -160
57 370
-455 352
-238 -397
-69 -497
-388 67
392 6
408 242
-499 -238
-8 -184
201 3
177 368
-492 297
-486 -391
-55 -395
-365 274
143 162
-297 -117
-14 -121
-428 -34
-468 107
-387 -315
427 424
376 -480
-474 118
-380 -443
115 -83
-287 297
97 123
-81 418
191 -459
-107 54
437 -476
-97 -213
253 -388
220 -335
-150 -25
-412 23
-267 467
84 155
212 -241
-134 -105
-309 -483
140 79
-4 288
19 -442
113 378
402 413
-301 -261
-148 495
-341 142
307 -429
94 -300
357 395
-261 327
276 -59
336 142
159 -359
-90 217
-305 -202
-453 406
283 214
-184 160
399 -126
-442 15
347 441
202 409
-392 153
-262 -205
312 465
-405 -333
309 -223
-392 121
-162 -33
266 18
-76 33
437 313
-338 397
-229 -247
-42 251
192 -481
428 -195
148 -107
-121 226
-119 76
244 381
-342 -334
288 52
210 -234
285 316
-462 -25
478 399
295 475
-273 330
80 256
-34 -124
181 462
-455 -107
310 -482
-215 -386
495 -310
-144 -472
-230 343
300 334
149 480
-356 -226
-328 187
162 312
141 157
-397 79
455 412
63 69
152 -175
-466 -202
-88 -39
-159 -181
-463 -403
130 -112
412 498
168 -381
-107 61
438 312
-186 -245
103 -211
369 145
-254 206
465 13
29 0
298 116
268 63
382 401
188 299
377 109
106 -183
-63 -21
-461 -227
276 20
276 167
457 -411
-76 -122
274 15
-473 -139
361 238
-457 -254
309 -152
-252 1
491 -120
489 436
444 57
-465 95
368 -430
90 265
-68 143
-78 -445
-377 -422
93 37
398 397
-176 -190
57 258
-395 -132
59 -445
-64 -456
170 -261
297 -76
-482 113
-127 332
-213 387
-281 464
209 219
-13 -168
369 333
229 -421
-421 266
-287 244
302 -174
-118 -182
-138 -140
100 318
-259 223
-165 -414
108 -240
337 -101
-448 395
-197 246
-423 261
93 290
59 446
-99 -488
256 139
465 114
123 57
107 -464
354 175
-103 397
483 -405
-145 -77
322 91
-325 382
127 374
-176 -331
459 205
-160 418
120 -292
37 -68
-455 -125
432 -309
-272 -142
224 -272
-375 -419
-324 311
-267 -393
-112 -279
-398 245
-192 -246
-77 230
-376 133
-260 -429
-221 -36
396 360
-266 316
198 132
180 356
-417 426
197 -407
405 -292
-494 64
285 328
-237 -106
148 78
498 71
394 -430
333 312
466 -367
493 -389
118 52
374 417
272 -185
431 53
-163 46
254 -183
381 -259
259 -50
35 -144
124 -479
-217 -318
444 -189
-378 -324
-190 276
77 -413
139 493
410 -306
-301 12
256 -129
417 320
-363 -408
-477 -139
311 208
-437 282
304 -155
-282 -123
188 -414
453 352
-183 310
398 -238
446 394
279 -274
239 355
416 168
-322 -316
-224 333
384 -495
213 490
271 -116
-80 -33
344 74
-150 138
-321 -278
-469 -197
-245 -4
-421 119
346 -300
245 48
407 -226
-352 161
-317 -416
-411 -386
-397 257
-360 -8
459 374
-362 60
388 -7
215 -322
-19 -434
-248 -64
-445 -73
127 -168
70 91
55 -438
-87 -24
60 203
317 -214
-458 -161
332 420
-17 373
-67 -20
473 121
-10 -490
-423 -123
314 471
-103 -481
-149 59
-351 215
-33 112
-413 204
-404 70
356 148
177 413
22 88
-350 8
489 -496
-184 -227
-216 151
-472 306
-34 -449
-430 32
-410 54
459 -388
224 430
-177 -385
185 1
-352 -81
-479 -270
8 16
-477 43
-263 158
122 202
-147 -257
239 406
147 -429
-207 396
-51 217
19 -117
-498 -403
-288 -258
244 -175
244 87
7 82
-403 -45
498 205
-448 312
13 425
-332 174
-231 56
127 97
-8 416
133 420
493 131
228 -349
-416 495
-491 130
407 18
290 -57
398 -87
-383 78
-111 85
10 361
34 402
-42 178
-226 304
219 275
-115 -43
-413 -459
-307 -123
-438 316
-365 468
-15 -429
15 -458
-355 465
42 -398
188 454
314 431
23 -303
65 -153
341 171
-365 29
486 60
101 20
398 -427
79 -16
-359 460
221 -96
-364 -184
-219 426
-472 -218
426 323
-56 -94
103 239
276 157
-173 358
-114 -193
367 -38
173 -438
326 -343
-168 70
-281 -406
-2 -27
290 130
56 -175
107 261
83 -226
180 32
461 217
-127 473
330 -74
233 -110
43 406
158 -211
-53 -285
285 -327
-233 -31
442 194
-177 -44
281 -79
-319 379
343 -423
-201 -45
-329 22
-6 -241
-125 45
125 -487
110 -392
-103 -333
-118 -233
-59 34
-498 357
50 -102
354 135
-445 64
-368 -176
-99 428
-118 476
-3 200
149 -257
-22 182
195 -476
323 -397
-230 -196
-238 -281
-56 153
-301 203
291 -54
-420 250
-187 145
159 327
254 -365
-390 -440
-50 326
-432 -202
480 290
314 -263
-160 -136
-141 -174
-265 -200
453 121
-487 179
-375 343
92 304
-362 396
-88 95
230 298
48 356
181 31
329 498
-23 -60
177 308
362 -210
-194 207
-494 -280
31 42
-280 150
-8 44
-462 -465
122 274
-442 -324
164 -467
390 288
-492 -289
400 -240
200 337
-166 -124
-143 -434
-37 -304
-84 163
-296 -30
310 448
-319 -75
-350 492
265 -281
-414 272
306 323
-200 250
462 -115
145 -191
336 51
427 -465
-399 -330
-134 -217
137 65
225 282
-81 341
456 34
25 101
10 -394
68 480
302 96
-154 -437
-52 292
291 498
48 -407
319 127
297 -26
-52 420
-326 -338
134 -416
115 399
-378 -447
-156 -239
-443 -163
-184 44
-360 125
189 308
100 -324
-327 327
110 -110
-484 -89
75 -72
-462 3
165 -478
297 -288
302 -201
-458 -398
-137 424
452 -424
120 -80
235 458
266 -50
126 -387
441 -445
-365 -11
400 50
169 343
-155 -25
-313 207
419 201
190 175
277 -90
-476 -78
-2 -361
-251 476
433 308
-242 484
-403 -112
-367 74
-437 228
-223 460

200 200 200
-8 463
-373 136
-158 27
-273 -495
180 452
-139 107
-472 -44
-215 -115
-140 -284
215 -276
-293 484
-439 473
46 495
222 386
345 -201
453 190
-175 -474
53 -421
-416 -142
-191 -29
-423 -46
410 170
-445 297
203 385
-392 -395
279 -83
-421 -494
-500 31
-84 -184
115 -87
293 451
477 67
-163 -383
-335 29
190 -389
66 -26
335 -42
445 -335
-450 80
185 147
255 349
355 -346
185 334
340 46
149 -400
-450 -45
212 -59
-252 217
436 239
351 -86
78 126
-417 -84
81 -88
492 -473
-136 -179
-330 -133
21 -382
143 215
451 396
496 -18
437 99
230 236
-48 -161
-423 479
-418 -113
203 428
-467 160
263 -24
-307 115
436 254
311 58
-134 296
11 -169
417 -492
-9 -39
251 412
-163 -383
-44 -330
-352 -21
367 -276
342 421
-229 -241
236 376
-320 -467
-23 119
-324 -385
102 -212
-191 43
-259 -388
-237 -274
328 232
350 204
375 -335
144 496
410 213
134 -300
-40 252
127 405
128 386
4 -3
-198 -396
-418 -129
104 404
206 -108
118 345
-233 470
-137 -365
-200 307
302 -263
141 135
335 -98
-347 -226
369 485
60 -30
467 -314
-210 255
-375 -232
-328 -127
-45 -81
454 378
37 -428
-293 -280
-474 401
328 -302
333 19
421 -32
-68 -143
-468 264
424 491
-324 92
-464 390
348 -33
30 352
-230 210
88 485
247 415
-366 315
-95 144
32 352
-440 -267
-109 -446
-88 171
-66 324
4 -366
-84 -143
437 181
338 -47
-196 284
-6 -133
-459 -235
-321 272
-224 -22
-379 -497
355 182
105 154
208 415
85 186
-301 310
444 209
256 204
-116 -140
3 192
-334 -279
-222 307
262 -150
-379 -181
297 441
445 -413
269 108
452 -11
-96 -437
250 -150
350 179
-422 449
152 294
344 334
-284 -465
447 -154
343 -118
232 -276
-267 105
45 43
130 220
-172 -321
169 -411
-348 470
-491 263
-59 92
41 360
153 19
-457 383
109 -314
32 -241
141 55
280 -126
169 -438
-205 203
-77 -286
-417 115
-106 -59
-400 252
14 -263
329 -390
470 146
355 -441
443 -188
-2 398
-344 51
-395 220
284 -13
-261 75
469 -47
-143 -276
340 -109
22 -60
383 -267
-30 122
232 -414
-78 -201
-452 201
203 -223
-326 491
-269 -300
110 -479
-302 -473
102 -106
37 -372
-148 70
151 394
-477 -309
-385 -328
-15 96
183 85
74 -284
108 -396
-429 123
-197 -500
392 437
458 35
62 1
85 346
474 354
-386 -379
205 -174
-293 -45
-182 -81
-486 -178
98 303
209 197
-8 -329
-16 -494
-493 63
-1 288
-488 399
-101 -354
183 -236
-383 175
-14 156
172 422
-123 -309
110 70
392 195
-313 -186
202 -321
-149 396
403 -307
-54 25
-498 410
-2 136
-28 -486
469 87
-239 -346
1 277
198 248
129 363
-68 265
-41 -262
52 -486
-307 -164
-268 -247
-364 -266
260 325
-76 -227
409 -48
-343 422
8 -120
-275 -375
402 -40
398 226
88 100
-446 26
-46 211
225 -296
40 196
140 418
343 -38
-214 276
239 102
244 210
-179 147
218 401
-474 20
170 133
-142 118
408 67
-408 136
-154 463
-334 46
432 261
-131 206
-332 71
-463 -289
3 -356
45 276
-77 -254
-353 366
-425 331
-37 364
-19 245
-189 11
337 -111
-459 -407
-171 374
134 -293
413 -239
332 -498
404 271
416 369
145 -94
-157 -40
-485 258
-222 -320
-457 -409
336 241
442 -286
-207 338
121 278
-159 -166
-269 451
-289 476
168 -356
105 233
-208 -238
168 20
480 127
-426 201
381 496
277 -148
283 424
329 -198
-361 224
-309 312
337 261
211 33
-302 -433
402 112
-466 56
318 7
217 -174
143 -324
377 197
-118 217
-432 258
-129 349
-350 351
-236 390
202 -210
241 -44
179 38
-205 -359
-57 377
-378 -303
204 -23
-6 441
-384 -390
307 -364
354 493
-60 379
227 112
-347 312
201 378
358 -83
63 -408
130 98
239 -259
308 426
313 -319
-152 431
61 -294
-184 32
169 177
-141 314
192 -288
14 300
-199 -391
177 167
-416 192
285 -276
322 -163
-231 -86
-471 -250
-379 -424
197 342
-453 -341
192 -243
124 -446
368 -140
-238 174
-337 -251
-142 276
-57 -36
-345 225
449 -283
54 130
-456 -40
210 323
90 264
-204 21
181 477
425 -467
-413 -128
-78 -262
412 455
-296 184
-351 -426
-272 -248
478 -218
-1 -426
204 116
-424 244
66 -62
393 286
498 346
323 -312
412 178
240 -63
175 500
144 -339
35 87
-149 38
291 -126
157 -230
-156 -42
-427 -345
89 238
-324 -351
126 -345
191 259
447 123
491 -297
140 358
47 230
81 -185
402 382
-81 -385
-11 443
-288 400
-143 336
492 -254
485 -69
-230 80
-75 351
109 396
-292 307
-491 -255
293 -302
428 150
465 -470
412 8
-187 56
-312 -170
-270 -7
-172 -409
-163 -223
-102 -491
-220 -489
362 169
-246 -105
-299 -340
-95 -347
-149 402
51 389
419 470
-333 -295
-49 330
350 -329
-146 139
230 270
-453 182
-118 258
269 -365
-6 162
247 -179
-19 249
92 449
350 77
-35 443
102 -410
486 -117
403 -40
131 -64
265 252
22 485
-144 -315
443 -241
-106 238
-411 211
222 389
-173 337
-25 -297
-30 419
51 -486
-396 435
-493 344
-197 -411
-285 410
-149 124
108 480
-336 373
322 154
-418 297
8 -284
295 -329
198 -271
-378 312
230 -328
377 92
-284 471
4 171
-50 414
323 307
-70 165
-165 -326
237 228
-428 -1
-204 -251
-345 -346
-175 -6
-87 450
261 214
76 -274
318 -320
341 -47
-377 225
138 -155
342 74
429 -349
-485 -228
190 -237
-47 -58
191 262
416 249
433 346
-15 432
145 -155
71 436
-385 411
-137 -421
-6 147
492 -323
-59 -369
473 333
295 -131
133 488
-70 -325
127 -415
24 -380
157 -267
355 -44
-9 -359
-423 -311
-401 253
22 383
29 -37
-170 206
337 -290
234 271
-361 0
-13 -282
-107 -38
47 417
228 211
444 261
407 -426
-285 298
487 -412
341 483
56 -415
-262 -448
258 275
486 68
-162 -216
284 -91
127 -332
130 -229
378 211
-79 368
128 -205
-131 -136
352 -275

0 0 0
